0 -0.27403628878309844 1.7890825663998624 0.0 3.106807807962071 0.25 2.6003679697410957 0.0
1 -0.46018829180533055 1.7212001282330294 0.0 3.2189362579357765 0.25 2.5610395775923327 0.0
2 -0.6239580389666781 1.6918843483970054 0.0 3.269862637898661 0.25 2.533468782185273 0.0
3 -0.7802418797383703 1.695476316131898 0.0006401462035984153 3.2775334491087507 0.25 2.542204309939455 0.0
4 -0.949010247897409 1.7251517538757872 0.11185138606524456 3.2496511626589304 0.14026422357648322 2.584589024902989 0.0
5 -1.2891134541392038 1.7445299887136154 0.212540789946365 3.2184448598930606 0.03820518140092691 2.610910795925112 0.0
6 -1.7065208873583366 1.7591550522609398 0.25 3.1607100359590916 0.0 2.643949823117968 0.0
7 -2.0011523915205065 1.7640649064418497 0.25 3.0772420444269595 0.0 2.6767832856409286 0.0
8 -2.141420469429075 1.7558798113356553 0.25 2.992578227807105 0.0 2.686842180975152 0.0
9 -2.1985284534472607 1.7446653118389504 0.25 2.914245685808129 0.0 2.679438252609908 0.0
10 -2.219230093819952 1.7384069627764887 0.25 2.8393788753326166 0.0 2.6633420831924863 0.0
11 -2.2250877635720516 1.737120441863516 0.25 2.7662194529066526 0.0 2.6406456433932397 0.0
12 -2.2250470299837968 1.73961704072194 0.25 2.6939564032527015 0.0 2.6120962703492165 0.0
13 -2.222659715532513 1.7447686283794728 0.25 2.622333097673446 0.0 2.578364238590079 0.0
14 -2.219300766825694 1.7515904826642523 0.25 2.5514584548302395 0.0 2.5402199227000986 0.0
15 -2.215510670815588 1.7592202441454146 0.25 2.481691664061721 0.0 2.4985297685250476 0.0
16 -2.2115310940380963 1.7669269983980525 0.25 2.413542459721163 0.0 2.4542232010227214 0.0
17 -2.2075047250773796 1.7741374774459417 0.25 2.3475744008332144 0.0 2.408248074703963 0.0
18 -2.2035399065818644 1.7804557088599726 0.25 2.284318213287834 0.0 2.3615192443692985 0.0
19 -2.1997246588088055 1.7856619360233885 0.25 2.224207080683859 0.0 2.3148684586130983 0.0
20 -2.1961256389275583 1.7896887773917678 0.25 2.167541351263477 0.0 2.269005025615537 0.0
21 -2.192786125263315 1.7925822485591396 0.25 2.114481860021427 0.0 2.22449366443172 0.0
22 -2.189727175561636 1.7944590714801152 0.25 2.0650643062955663 0.0 2.181750719378399 0.0
23 -2.186951671044033 1.7954696551476164 0.25 2.0192247271307875 0.0 2.141055281730998 0.0
24 -2.1844495755500413 1.795771289311886 0.25 1.9768275950226573 0.0 2.1025694676961373 0.0
25 -2.1822029321255885 1.7955117345596523 0.25 1.9376912551385992 0.0 2.0663622121737215 0.0
26 -2.1801898219701026 1.794821033250273 0.25 1.9016083973548374 4.163598013846512e-05 2.03243245083163 0.0
27 -2.1783874973678405 1.7938396257299367 0.25 1.8683459687803623 0.004564828637763491 2.000739621397135 0.0
28 -2.1767999666849067 1.795931075043075 0.25 1.8360837171772593 0.01033055078182496 1.9723048459027193 0.0
29 -2.1752831664076435 1.7979044817305976 0.25 1.806073298320118 0.01916990071231385 1.9457285859267646 0.0
30 -2.1738761777608904 1.8018919455303861 0.25 1.777220081437328 0.028874834217274936 1.9217209123689123 0.0
31 -2.1725085868277976 1.8056826551229157 0.25 1.7504714299925783 0.04050506135913674 1.8994079287168584 0.0
32 -2.1712144250503873 1.8106825932378061 0.25 1.7251459442981492 0.05243944512858441 1.8793043222933163 0.0
33 -2.169961682452253 1.8152943794551208 0.25 1.70196883809787 0.06528409081195505 1.8608331588559393 0.0
34 -2.168781104637672 1.820496210848539 0.25 1.6804681096627274 0.0778166979148215 1.8443598769437812 0.0
35 -2.1676604807163407 1.8251211629436133 0.25 1.661164383403131 0.09041362663696198 1.8294637840592856 0.0
36 -2.1666248523051794 1.8299049509900347 0.25 1.6436617790233965 0.10218239305477955 1.816380578174205 0.0
37 -2.1656684792380965 1.834004538348112 0.25 1.6282871810230017 0.11342386003216794 1.8047627663535113 0.0
38 -2.164807465401156 1.838017068394652 0.25 1.6146561487977396 0.12353509651115738 1.794736514169644 0.0
39 -2.164034832589137 1.8413407545081788 0.25 1.6029366194581947 0.1328189315479169 1.7859907039160816 0.0
40 -2.16335727437607 1.8444802224114527 0.25 1.5927479542878429 0.14090486115845394 1.7785725869391122 0.0
41 -2.1627645780084657 1.847003083487811 0.25 1.5841535057788698 0.14810941561018043 1.7722016522959299 0.0
42 -2.1622565314860944 1.8493370273381087 0.25 1.5767967177912032 0.15422164677868663 1.7668807439896246 0.0
43 -2.1618210876358406 1.8511621762446215 0.25 1.5706889164118005 0.15955079070224545 1.7623662535302722 0.0
44 -2.161454546447778 1.8528357115495309 0.25 1.5655184921704046 0.16397841396237467 1.7586444557780188 0.0
45 -2.1611450924097455 1.854111225383472 0.25 1.5612808254281523 0.16778311678992688 1.755513603110834 0.0
46 -2.1608881605567865 1.8552822013669958 0.25 1.5577187456662591 0.17089206419894262 1.7529598847452552 0.0
47 -2.160673506564487 1.856151716265475 0.25 1.5548298706058035 0.17354079359438637 1.7508227429120125 0.0
48 -2.1604970943813173 1.8569582071358612 0.25 1.5524101635255856 0.17567582535477216 1.7490950299417276 0.0
49 -2.160350710320715 1.8575402507399021 0.25 1.5504653741792414 0.17748807551002244 1.747652383665336 0.0
50 -2.160231321572015 1.8580904671882748 0.25 1.548837368836826 0.17893152057117614 1.7464952454246838 0.0
51 -2.1601326489417265 1.85847465948919 0.25 1.5475397262883155 0.18015718499164138 1.7455287323949005 0.0
52 -2.1600526507936904 1.8588482035934872 0.25 1.5464512549165286 0.18112237220837368 1.744759284241086 0.0
53 -2.1599866547876854 1.859098853988683 0.25 1.5455908831053895 0.18194517820203127 1.7441149230953532 0.0
54 -2.1599334145170603 1.8593520722186865 0.25 1.5448659840565746 0.18258549535653965 1.74360591173371 0.0
55 -2.159889498586402 1.859513832610732 0.25 1.5442981774511682 0.18313538376334587 1.7431776025473644 0.0
56 -2.1598542318004847 1.8596856705671159 0.25 1.5438164764776783 0.18355768552713259 1.7428421735953747 0.0
57 -2.1598251035249096 1.8597888847618431 0.25 1.5434430944636335 0.18392430809143945 1.7425579270964175 0.0
58 -2.159801819166624 1.859905867515348 0.25 1.5431233090257779 0.18420151963710768 1.7423375618126644 0.0
59 -2.15978253715725 1.8599708582924326 0.25 1.5428785189539098 0.18444575395299323 1.742149027197326 0.0
60 -2.15976720077828 1.8600508924988026 0.25 1.5426662262976925 0.18462697642730924 1.7420046394685582 0.0
61 -2.1597544503237276 1.8600911312237656 0.25 1.5425061921224674 0.18478974134175633 1.74187955705143 0.0
